0.0000 0.1996 0.2119 0.2150 0.2217 0.2099 0.2073 0.2124 0.1975 0.2042 0.2083 0.2160 0.2212 0.2227 0.2130 0.2124 0.2150 0.2186 0.2212 0.2140 0.2135 0.1939 0.2058 0.2047 0.2186 0.2001 0.2099 0.2063 0.2109 0.2140 0.2469 0.3333
0.1996 0.0000 0.0983 0.1111 0.1224 0.1157 0.1096 0.1163 0.1060 0.1039 0.1013 0.1137 0.1173 0.1188 0.1034 0.1132 0.1173 0.1142 0.1157 0.1152 0.1178 0.0926 0.1111 0.1065 0.1163 0.0910 0.1065 0.1003 0.1193 0.1204 0.1502 0.2515
0.2119 0.0983 0.0000 0.0952 0.1173 0.1116 0.1019 0.1101 0.1024 0.0962 0.0983 0.1075 0.1101 0.1106 0.1029 0.1121 0.1106 0.1157 0.1091 0.1101 0.1142 0.0916 0.1096 0.1060 0.1152 0.0838 0.1019 0.0895 0.1142 0.1137 0.1368 0.2371
0.2150 0.1111 0.0952 0.0000 0.1044 0.1075 0.1013 0.1039 0.0941 0.0910 0.0926 0.0998 0.1096 0.1080 0.0936 0.1034 0.1049 0.1070 0.1075 0.1034 0.1101 0.0818 0.1013 0.0988 0.1008 0.0813 0.0952 0.0921 0.1039 0.1101 0.1348 0.2407
0.2217 0.1224 0.1173 0.1044 0.0000 0.1101 0.1106 0.1085 0.1070 0.1044 0.1019 0.1106 0.1219 0.1013 0.1055 0.1116 0.1121 0.1132 0.1065 0.1080 0.1199 0.0962 0.1111 0.1075 0.1193 0.0952 0.0890 0.1049 0.1168 0.1152 0.1409 0.2459
0.2099 0.1157 0.1116 0.1075 0.1101 0.0000 0.0972 0.1096 0.1003 0.1029 0.1008 0.1121 0.1199 0.1157 0.1019 0.1121 0.1137 0.1163 0.1091 0.1111 0.1163 0.0947 0.1111 0.1085 0.1096 0.0947 0.1024 0.1029 0.1101 0.1152 0.1373 0.2382
0.2073 0.1096 0.1019 0.1013 0.1106 0.0972 0.0000 0.1034 0.0952 0.0957 0.0916 0.1029 0.1070 0.1101 0.0952 0.1060 0.1055 0.1101 0.1060 0.1055 0.1080 0.0869 0.1034 0.0988 0.1034 0.0854 0.0952 0.0957 0.1060 0.1085 0.1317 0.2407
0.2124 0.1163 0.1101 0.1039 0.1085 0.1096 0.1034 0.0000 0.0936 0.0983 0.0983 0.1065 0.1060 0.1080 0.1008 0.1029 0.1065 0.1152 0.1080 0.1044 0.1127 0.0864 0.1091 0.1029 0.1096 0.0905 0.0993 0.0972 0.1096 0.1152 0.1435 0.2443
0.1975 0.1060 0.1024 0.0941 0.1070 0.1003 0.0952 0.0936 0.0000 0.0833 0.0885 0.0983 0.1070 0.1044 0.0895 0.0952 0.0977 0.1049 0.1039 0.0983 0.1044 0.0802 0.0972 0.0931 0.0947 0.0818 0.0885 0.0921 0.1044 0.1034 0.1291 0.2284
0.2042 0.1039 0.0962 0.0910 0.1044 0.1029 0.0957 0.0983 0.0833 0.0000 0.0854 0.0931 0.1049 0.1019 0.0823 0.0988 0.0916 0.0947 0.1013 0.0962 0.1044 0.0792 0.0941 0.0926 0.0931 0.0741 0.0823 0.0838 0.0910 0.0983 0.1276 0.2305
0.2083 0.1013 0.0983 0.0926 0.1019 0.1008 0.0916 0.0983 0.0885 0.0854 0.0000 0.0874 0.1024 0.1003 0.0890 0.0977 0.0947 0.1003 0.0983 0.0962 0.0993 0.0777 0.0936 0.0921 0.0972 0.0741 0.0854 0.0864 0.0947 0.0998 0.1291 0.2335
0.2160 0.1137 0.1075 0.0998 0.1106 0.1121 0.1029 0.1065 0.0983 0.0931 0.0874 0.0000 0.1091 0.1091 0.0962 0.1034 0.1044 0.1085 0.1065 0.1044 0.1137 0.0885 0.1065 0.1019 0.1101 0.0797 0.0941 0.0957 0.1106 0.1091 0.1353 0.2253
0.2212 0.1173 0.1101 0.1096 0.1219 0.1199 0.1070 0.1060 0.1070 0.1049 0.1024 0.1091 0.0000 0.1080 0.0998 0.1142 0.1039 0.1199 0.1132 0.1142 0.1183 0.0967 0.1127 0.1096 0.1178 0.0962 0.1060 0.1024 0.1188 0.1193 0.1440 0.2479
0.2227 0.1188 0.1106 0.1080 0.1013 0.1157 0.1101 0.1080 0.1044 0.1019 0.1003 0.1091 0.1080 0.0000 0.0993 0.1070 0.1101 0.1127 0.1116 0.1111 0.1127 0.0900 0.1070 0.1013 0.1163 0.0931 0.1029 0.1034 0.1168 0.1132 0.1430 0.2459
0.2130 0.1034 0.1029 0.0936 0.1055 0.1019 0.0952 0.1008 0.0895 0.0823 0.0890 0.0962 0.0998 0.0993 0.0000 0.0931 0.0983 0.0993 0.0983 0.0957 0.1049 0.0782 0.0962 0.0936 0.1034 0.0813 0.0926 0.0900 0.1034 0.1065 0.1255 0.2377
0.2124 0.1132 0.1121 0.1034 0.1116 0.1121 0.1060 0.1029 0.0952 0.0988 0.0977 0.1034 0.1142 0.1070 0.0931 0.0000 0.1111 0.1142 0.1070 0.1096 0.1121 0.0874 0.1091 0.0983 0.1137 0.0905 0.0993 0.0977 0.1132 0.1137 0.1296 0.2402
0.2150 0.1173 0.1106 0.1049 0.1121 0.1137 0.1055 0.1065 0.0977 0.0916 0.0947 0.1044 0.1039 0.1101 0.0983 0.1111 0.0000 0.1065 0.1019 0.1085 0.1121 0.0905 0.1008 0.1003 0.1080 0.0885 0.0998 0.1008 0.1132 0.1142 0.1353 0.2423
0.2186 0.1142 0.1157 0.1070 0.1132 0.1163 0.1101 0.1152 0.1049 0.0947 0.1003 0.1085 0.1199 0.1127 0.0993 0.1142 0.1065 0.0000 0.0988 0.1080 0.1121 0.0895 0.0993 0.1065 0.1173 0.0936 0.1019 0.1034 0.1132 0.1163 0.1430 0.2479
0.2212 0.1157 0.1091 0.1075 0.1065 0.1091 0.1060 0.1080 0.1039 0.1013 0.0983 0.1065 0.1132 0.1116 0.0983 0.1070 0.1019 0.0988 0.0000 0.1039 0.1106 0.0890 0.1101 0.1049 0.1106 0.0905 0.1003 0.1034 0.1096 0.1157 0.1430 0.2454
0.2140 0.1152 0.1101 0.1034 0.1080 0.1111 0.1055 0.1044 0.0983 0.0962 0.0962 0.1044 0.1142 0.1111 0.0957 0.1096 0.1085 0.1080 0.1039 0.0000 0.1060 0.0880 0.1065 0.0983 0.1091 0.0844 0.0962 0.0998 0.1085 0.1152 0.1399 0.2413
0.2135 0.1178 0.1142 0.1101 0.1199 0.1163 0.1080 0.1127 0.1044 0.1044 0.0993 0.1137 0.1183 0.1127 0.1049 0.1121 0.1121 0.1121 0.1106 0.1060 0.0000 0.0880 0.1080 0.1060 0.1163 0.0921 0.0983 0.1044 0.1168 0.1173 0.1451 0.2413
0.1939 0.0926 0.0916 0.0818 0.0962 0.0947 0.0869 0.0864 0.0802 0.0792 0.0777 0.0885 0.0967 0.0900 0.0782 0.0874 0.0905 0.0895 0.0890 0.0880 0.0880 0.0000 0.0844 0.0844 0.0905 0.0705 0.0818 0.0797 0.0947 0.0941 0.1235 0.2305
0.2058 0.1111 0.1096 0.1013 0.1111 0.1111 0.1034 0.1091 0.0972 0.0941 0.0936 0.1065 0.1127 0.1070 0.0962 0.1091 0.1008 0.0993 0.1101 0.1065 0.1080 0.0844 0.0000 0.0972 0.1111 0.0880 0.0977 0.0983 0.1127 0.1137 0.1373 0.2449
0.2047 0.1065 0.1060 0.0988 0.1075 0.1085 0.0988 0.1029 0.0931 0.0926 0.0921 0.1019 0.1096 0.1013 0.0936 0.0983 0.1003 0.1065 0.1049 0.0983 0.1060 0.0844 0.0972 0.0000 0.1008 0.0813 0.0957 0.0936 0.1085 0.1049 0.1291 0.2392
0.2186 0.1163 0.1152 0.1008 0.1193 0.1096 0.1034 0.1096 0.0947 0.0931 0.0972 0.1101 0.1178 0.1163 0.1034 0.1137 0.1080 0.1173 0.1106 0.1091 0.1163 0.0905 0.1111 0.1008 0.0000 0.0838 0.0977 0.0998 0.1106 0.1106 0.1435 0.2433
0.2001 0.0910 0.0838 0.0813 0.0952 0.0947 0.0854 0.0905 0.0818 0.0741 0.0741 0.0797 0.0962 0.0931 0.0813 0.0905 0.0885 0.0936 0.0905 0.0844 0.0921 0.0705 0.0880 0.0813 0.0838 0.0000 0.0782 0.0813 0.0905 0.0957 0.1209 0.2243
0.2099 0.1065 0.1019 0.0952 0.0890 0.1024 0.0952 0.0993 0.0885 0.0823 0.0854 0.0941 0.1060 0.1029 0.0926 0.0993 0.0998 0.1019 0.1003 0.0962 0.0983 0.0818 0.0977 0.0957 0.0977 0.0782 0.0000 0.0874 0.1013 0.1019 0.1317 0.2238
0.2063 0.1003 0.0895 0.0921 0.1049 0.1029 0.0957 0.0972 0.0921 0.0838 0.0864 0.0957 0.1024 0.1034 0.0900 0.0977 0.1008 0.1034 0.1034 0.0998 0.1044 0.0797 0.0983 0.0936 0.0998 0.0813 0.0874 0.0000 0.0931 0.1008 0.1343 0.2407
0.2109 0.1193 0.1142 0.1039 0.1168 0.1101 0.1060 0.1096 0.1044 0.0910 0.0947 0.1106 0.1188 0.1168 0.1034 0.1132 0.1132 0.1132 0.1096 0.1085 0.1168 0.0947 0.1127 0.1085 0.1106 0.0905 0.1013 0.0931 0.0000 0.1055 0.1404 0.2371
0.2140 0.1204 0.1137 0.1101 0.1152 0.1152 0.1085 0.1152 0.1034 0.0983 0.0998 0.1091 0.1193 0.1132 0.1065 0.1137 0.1142 0.1163 0.1157 0.1152 0.1173 0.0941 0.1137 0.1049 0.1106 0.0957 0.1019 0.1008 0.1055 0.0000 0.1276 0.2305
0.2469 0.1502 0.1368 0.1348 0.1409 0.1373 0.1317 0.1435 0.1291 0.1276 0.1291 0.1353 0.1440 0.1430 0.1255 0.1296 0.1353 0.1430 0.1430 0.1399 0.1451 0.1235 0.1373 0.1291 0.1435 0.1209 0.1317 0.1343 0.1404 0.1276 0.0000 0.2176
0.3333 0.2515 0.2371 0.2407 0.2459 0.2382 0.2407 0.2443 0.2284 0.2305 0.2335 0.2253 0.2479 0.2459 0.2377 0.2402 0.2423 0.2479 0.2454 0.2413 0.2413 0.2305 0.2449 0.2392 0.2433 0.2243 0.2238 0.2407 0.2371 0.2305 0.2176 0.0000
