0.0000 0.1852 0.2186 0.2083 0.1980 0.1986 0.2274 0.2001 0.2176 0.2032 0.2052 0.2274 0.1929 0.2052 0.2130 0.2042 0.2109 0.2274 0.2104 0.1867 0.2114 0.2145 0.2042 0.1991 0.2001 0.2042 0.1914 0.1872 0.2130 0.1980 0.2227 0.3292
0.1852 0.0000 0.1229 0.1080 0.1121 0.1137 0.1415 0.1096 0.1368 0.1157 0.1163 0.1471 0.1121 0.1188 0.1317 0.1163 0.1343 0.1425 0.1271 0.1096 0.1245 0.1337 0.1168 0.1142 0.1157 0.1142 0.1137 0.1044 0.1265 0.1024 0.1358 0.2428
0.2186 0.1229 0.0000 0.1075 0.1091 0.1121 0.1358 0.1163 0.1343 0.1209 0.1204 0.1476 0.1199 0.1265 0.1276 0.1188 0.1332 0.1471 0.1312 0.1142 0.1332 0.1353 0.1240 0.1034 0.1152 0.1307 0.1168 0.1075 0.1265 0.1178 0.1451 0.2572
0.2083 0.1080 0.1075 0.0000 0.0957 0.1085 0.1240 0.0947 0.1199 0.0977 0.1029 0.1245 0.0952 0.1111 0.1168 0.1039 0.1147 0.1291 0.1147 0.0957 0.1168 0.1178 0.1024 0.0972 0.0977 0.1091 0.0998 0.0910 0.1137 0.0998 0.1276 0.2392
0.1980 0.1121 0.1091 0.0957 0.0000 0.0916 0.1132 0.0808 0.1065 0.0921 0.0880 0.1147 0.0900 0.0967 0.1029 0.0916 0.1091 0.1147 0.0972 0.0823 0.0988 0.0972 0.0936 0.0838 0.0874 0.0957 0.0849 0.0808 0.0993 0.0874 0.1116 0.2222
0.1986 0.1137 0.1121 0.1085 0.0916 0.0000 0.1142 0.0952 0.1152 0.1060 0.0983 0.1281 0.0993 0.1044 0.1085 0.1039 0.1127 0.1276 0.1039 0.0921 0.1055 0.1193 0.1044 0.0977 0.0947 0.1080 0.0905 0.0885 0.0962 0.0998 0.1240 0.2243
0.2274 0.1415 0.1358 0.1240 0.1132 0.1142 0.0000 0.1137 0.1363 0.1199 0.1173 0.1394 0.1219 0.1296 0.1240 0.1255 0.1373 0.1440 0.1250 0.1127 0.1343 0.1368 0.1240 0.1132 0.1193 0.1265 0.1163 0.1044 0.1255 0.1209 0.1409 0.2335
0.2001 0.1096 0.1163 0.0947 0.0808 0.0952 0.1137 0.0000 0.1024 0.0947 0.0869 0.1132 0.0838 0.0998 0.1008 0.0813 0.1060 0.1096 0.0962 0.0849 0.1003 0.1013 0.0957 0.0859 0.0833 0.0977 0.0854 0.0808 0.0993 0.0885 0.1085 0.2279
0.2176 0.1368 0.1343 0.1199 0.1065 0.1152 0.1363 0.1024 0.0000 0.1060 0.1085 0.1286 0.1132 0.1214 0.1214 0.1173 0.1281 0.1358 0.1193 0.1049 0.1214 0.1337 0.1188 0.1075 0.1096 0.1219 0.0977 0.1060 0.1204 0.1116 0.1322 0.2407
0.2032 0.1157 0.1209 0.0977 0.0921 0.1060 0.1199 0.0947 0.1060 0.0000 0.0808 0.1245 0.0967 0.1101 0.1055 0.1003 0.1178 0.1255 0.1055 0.0864 0.1096 0.1137 0.1039 0.0947 0.0947 0.1044 0.0900 0.0880 0.1085 0.0910 0.1209 0.2330
0.2052 0.1163 0.1204 0.1029 0.0880 0.0983 0.1173 0.0869 0.1085 0.0808 0.0000 0.1121 0.0926 0.0967 0.1019 0.0931 0.1127 0.1157 0.1029 0.0880 0.1060 0.1080 0.1003 0.0905 0.0808 0.1008 0.0885 0.0828 0.0998 0.0890 0.1127 0.2310
0.2274 0.1471 0.1476 0.1245 0.1147 0.1281 0.1394 0.1132 0.1286 0.1245 0.1121 0.0000 0.1116 0.1291 0.1245 0.1245 0.1399 0.1332 0.1271 0.1152 0.1343 0.1384 0.1312 0.1127 0.1055 0.1271 0.1193 0.1121 0.1317 0.1193 0.1440 0.2510
0.1929 0.1121 0.1199 0.0952 0.0900 0.0993 0.1219 0.0838 0.1132 0.0967 0.0926 0.1116 0.0000 0.0941 0.1070 0.0972 0.1075 0.1204 0.1039 0.0880 0.1024 0.1065 0.0936 0.0864 0.0854 0.0993 0.0890 0.0833 0.1044 0.0936 0.1137 0.2330
0.2052 0.1188 0.1265 0.1111 0.0967 0.1044 0.1296 0.0998 0.1214 0.1101 0.0967 0.1291 0.0941 0.0000 0.0972 0.1075 0.1219 0.1332 0.1106 0.0916 0.1173 0.1229 0.1055 0.1003 0.0947 0.1055 0.0977 0.0880 0.1070 0.1008 0.1260 0.2449
0.2130 0.1317 0.1276 0.1168 0.1029 0.1085 0.1240 0.1008 0.1214 0.1055 0.1019 0.1245 0.1070 0.0972 0.0000 0.1065 0.1173 0.1343 0.1096 0.0962 0.1199 0.1255 0.1127 0.0952 0.1019 0.1111 0.0957 0.0941 0.1132 0.1065 0.1312 0.2320
0.2042 0.1163 0.1188 0.1039 0.0916 0.1039 0.1255 0.0813 0.1173 0.1003 0.0931 0.1245 0.0972 0.1075 0.1065 0.0000 0.1024 0.1157 0.1060 0.0931 0.1106 0.1101 0.1049 0.0936 0.0952 0.1055 0.0931 0.0885 0.1055 0.0926 0.1173 0.2299
0.2109 0.1343 0.1332 0.1147 0.1091 0.1127 0.1373 0.1060 0.1281 0.1178 0.1127 0.1399 0.1075 0.1219 0.1173 0.1024 0.0000 0.1343 0.1168 0.1091 0.1250 0.1224 0.1188 0.1101 0.1111 0.1229 0.1049 0.1024 0.1219 0.1085 0.1291 0.2366
0.2274 0.1425 0.1471 0.1291 0.1147 0.1276 0.1440 0.1096 0.1358 0.1255 0.1157 0.1332 0.1204 0.1332 0.1343 0.1157 0.1343 0.0000 0.1271 0.1163 0.1301 0.1327 0.1291 0.1193 0.1106 0.1204 0.1142 0.1121 0.1291 0.1214 0.1451 0.2469
0.2104 0.1271 0.1312 0.1147 0.0972 0.1039 0.1250 0.0962 0.1193 0.1055 0.1029 0.1271 0.1039 0.1106 0.1096 0.1060 0.1168 0.1271 0.0000 0.0967 0.1188 0.1188 0.1137 0.1029 0.1034 0.1132 0.0931 0.0962 0.1096 0.1019 0.1286 0.2413
0.1867 0.1096 0.1142 0.0957 0.0823 0.0921 0.1127 0.0849 0.1049 0.0864 0.0880 0.1152 0.0880 0.0916 0.0962 0.0931 0.1091 0.1163 0.0967 0.0000 0.0941 0.1085 0.0983 0.0838 0.0844 0.0967 0.0756 0.0777 0.0988 0.0880 0.1137 0.2248
0.2114 0.1245 0.1332 0.1168 0.0988 0.1055 0.1343 0.1003 0.1214 0.1096 0.1060 0.1343 0.1024 0.1173 0.1199 0.1106 0.1250 0.1301 0.1188 0.0941 0.0000 0.1199 0.1116 0.0998 0.0977 0.1163 0.1024 0.0993 0.1096 0.1024 0.1229 0.2366
0.2145 0.1337 0.1353 0.1178 0.0972 0.1193 0.1368 0.1013 0.1337 0.1137 0.1080 0.1384 0.1065 0.1229 0.1255 0.1101 0.1224 0.1327 0.1188 0.1085 0.1199 0.0000 0.1085 0.1029 0.1106 0.1214 0.1055 0.1039 0.1229 0.1091 0.1363 0.2469
0.2042 0.1168 0.1240 0.1024 0.0936 0.1044 0.1240 0.0957 0.1188 0.1039 0.1003 0.1312 0.0936 0.1055 0.1127 0.1049 0.1188 0.1291 0.1137 0.0983 0.1116 0.1085 0.0000 0.0910 0.0967 0.1060 0.0900 0.0910 0.1116 0.0983 0.1260 0.2366
0.1991 0.1142 0.1034 0.0972 0.0838 0.0977 0.1132 0.0859 0.1075 0.0947 0.0905 0.1127 0.0864 0.1003 0.0952 0.0936 0.1101 0.1193 0.1029 0.0838 0.0998 0.1029 0.0910 0.0000 0.0787 0.1003 0.0808 0.0833 0.1008 0.0828 0.1142 0.2202
0.2001 0.1157 0.1152 0.0977 0.0874 0.0947 0.1193 0.0833 0.1096 0.0947 0.0808 0.1055 0.0854 0.0947 0.1019 0.0952 0.1111 0.1106 0.1034 0.0844 0.0977 0.1106 0.0967 0.0787 0.0000 0.0952 0.0844 0.0838 0.0936 0.0910 0.1096 0.2253
0.2042 0.1142 0.1307 0.1091 0.0957 0.1080 0.1265 0.0977 0.1219 0.1044 0.1008 0.1271 0.0993 0.1055 0.1111 0.1055 0.1229 0.1204 0.1132 0.0967 0.1163 0.1214 0.1060 0.1003 0.0952 0.0000 0.0983 0.0947 0.1080 0.1019 0.1250 0.2361
0.1914 0.1137 0.1168 0.0998 0.0849 0.0905 0.1163 0.0854 0.0977 0.0900 0.0885 0.1193 0.0890 0.0977 0.0957 0.0931 0.1049 0.1142 0.0931 0.0756 0.1024 0.1055 0.0900 0.0808 0.0844 0.0983 0.0000 0.0818 0.0931 0.0777 0.1142 0.2233
0.1872 0.1044 0.1075 0.0910 0.0808 0.0885 0.1044 0.0808 0.1060 0.0880 0.0828 0.1121 0.0833 0.0880 0.0941 0.0885 0.1024 0.1121 0.0962 0.0777 0.0993 0.1039 0.0910 0.0833 0.0838 0.0947 0.0818 0.0000 0.0921 0.0844 0.1060 0.2191
0.2130 0.1265 0.1265 0.1137 0.0993 0.0962 0.1255 0.0993 0.1204 0.1085 0.0998 0.1317 0.1044 0.1070 0.1132 0.1055 0.1219 0.1291 0.1096 0.0988 0.1096 0.1229 0.1116 0.1008 0.0936 0.1080 0.0931 0.0921 0.0000 0.0983 0.1173 0.2392
0.1980 0.1024 0.1178 0.0998 0.0874 0.0998 0.1209 0.0885 0.1116 0.0910 0.0890 0.1193 0.0936 0.1008 0.1065 0.0926 0.1085 0.1214 0.1019 0.0880 0.1024 0.1091 0.0983 0.0828 0.0910 0.1019 0.0777 0.0844 0.0983 0.0000 0.1024 0.2191
0.2227 0.1358 0.1451 0.1276 0.1116 0.1240 0.1409 0.1085 0.1322 0.1209 0.1127 0.1440 0.1137 0.1260 0.1312 0.1173 0.1291 0.1451 0.1286 0.1137 0.1229 0.1363 0.1260 0.1142 0.1096 0.1250 0.1142 0.1060 0.1173 0.1024 0.0000 0.1970
0.3292 0.2428 0.2572 0.2392 0.2222 0.2243 0.2335 0.2279 0.2407 0.2330 0.2310 0.2510 0.2330 0.2449 0.2320 0.2299 0.2366 0.2469 0.2413 0.2248 0.2366 0.2469 0.2366 0.2202 0.2253 0.2361 0.2233 0.2191 0.2392 0.2191 0.1970 0.0000
