1.0000 -0.2812 0.3086 -0.2773 0.4010 -0.4010 0.4414 -0.2148 0.4023 -0.3138 0.3698 -0.0521
-0.2812 1.0000 -0.5273 0.7461 -0.4948 0.8073 -0.6602 0.6836 -0.6836 0.7773 -0.5911 0.5286
0.3086 -0.5273 1.0000 -0.5312 0.5299 -0.6549 0.6250 -0.4688 0.5938 -0.5677 0.6237 -0.3060
-0.2773 0.7461 -0.5312 1.0000 -0.4987 0.8112 -0.6562 0.6875 -0.6875 0.7240 -0.5924 0.6497
0.4010 -0.4948 0.5299 -0.4987 1.0000 -0.6250 0.5326 -0.4362 0.5612 -0.5352 0.6536 -0.2734
-0.4010 0.8073 -0.6549 0.8112 -0.6250 1.0000 -0.7826 0.7487 -0.8112 0.8477 -0.7161 0.6484
0.4414 -0.6602 0.6250 -0.6562 0.5326 -0.7826 1.0000 -0.5938 0.7188 -0.6927 0.6237 -0.4310
-0.2148 0.6836 -0.4688 0.6875 -0.4362 0.7487 -0.5938 1.0000 -0.6250 0.7812 -0.5299 0.5299
0.4023 -0.6836 0.5938 -0.6875 0.5612 -0.8112 0.7188 -0.6250 1.0000 -0.7240 0.6549 -0.4622
-0.3138 0.7773 -0.5677 0.7240 -0.5352 0.8477 -0.6927 0.7812 -0.7240 1.0000 -0.6315 0.6263
0.3698 -0.5911 0.6237 -0.5924 0.6536 -0.7161 0.6237 -0.5299 0.6549 -0.6315 1.0000 -0.3698
-0.0521 0.5286 -0.3060 0.6497 -0.2734 0.6484 -0.4310 0.5299 -0.4622 0.6263 -0.3698 1.0000
