0.0000 0.8309 0.8838 0.9258 0.9223 0.9421 0.9268 0.9148 0.9208 0.9010 0.9348 0.9154
0.8309 0.0000 0.8940 0.9125 0.9453 0.9345 0.9517 0.9348 0.9384 0.8947 0.9196 0.9310
0.8838 0.8940 0.0000 0.9077 0.9315 0.9398 0.9397 0.9210 0.9393 0.9192 0.9284 0.9222
0.9258 0.9125 0.9077 0.0000 0.9262 0.9368 0.9239 0.9250 0.9514 0.9310 0.9485 0.9154
0.9223 0.9453 0.9315 0.9262 0.0000 0.9156 0.9350 0.9344 0.9377 0.9375 0.9508 0.9355
0.9421 0.9345 0.9398 0.9368 0.9156 0.0000 0.9545 0.9226 0.9332 0.9258 0.9480 0.9338
0.9268 0.9517 0.9397 0.9239 0.9350 0.9545 0.0000 0.9039 0.9140 0.9092 0.9184 0.9242
0.9148 0.9348 0.9210 0.9250 0.9344 0.9226 0.9039 0.0000 0.8998 0.8975 0.9091 0.9085
0.9208 0.9384 0.9393 0.9514 0.9377 0.9332 0.9140 0.8998 0.0000 0.8837 0.8959 0.9162
0.9010 0.8947 0.9192 0.9310 0.9375 0.9258 0.9092 0.8975 0.8837 0.0000 0.8857 0.8668
0.9348 0.9196 0.9284 0.9485 0.9508 0.9480 0.9184 0.9091 0.8959 0.8857 0.0000 0.8261
0.9154 0.9310 0.9222 0.9154 0.9355 0.9338 0.9242 0.9085 0.9162 0.8668 0.8261 0.0000
