0.0000 0.0727 0.0813 0.0922 0.0840 0.0910 0.0884 0.0813 0.0883 0.0763 0.0941 0.1051
0.0727 0.0000 0.0259 0.0378 0.0286 0.0357 0.0348 0.0259 0.0334 0.0212 0.0387 0.0591
0.0813 0.0259 0.0000 0.0264 0.0173 0.0243 0.0232 0.0145 0.0220 0.0098 0.0273 0.0423
0.0922 0.0378 0.0264 0.0000 0.0245 0.0348 0.0353 0.0264 0.0332 0.0216 0.0392 0.0585
0.0840 0.0286 0.0173 0.0245 0.0000 0.0266 0.0262 0.0173 0.0245 0.0125 0.0296 0.0505
0.0910 0.0357 0.0243 0.0348 0.0266 0.0000 0.0332 0.0243 0.0270 0.0195 0.0371 0.0575
0.0884 0.0348 0.0232 0.0353 0.0262 0.0332 0.0000 0.0234 0.0262 0.0187 0.0362 0.0560
0.0813 0.0259 0.0145 0.0264 0.0173 0.0243 0.0234 0.0000 0.0218 0.0098 0.0273 0.0475
0.0883 0.0334 0.0220 0.0332 0.0245 0.0270 0.0262 0.0218 0.0000 0.0173 0.0348 0.0550
0.0763 0.0212 0.0098 0.0216 0.0125 0.0195 0.0187 0.0098 0.0173 0.0000 0.0226 0.0428
0.0941 0.0387 0.0273 0.0392 0.0296 0.0371 0.0362 0.0273 0.0348 0.0226 0.0000 0.0605
0.1051 0.0591 0.0423 0.0585 0.0505 0.0575 0.0560 0.0475 0.0550 0.0428 0.0605 0.0000
