1.0000 -0.9766 0.9661 -0.9661 0.9596 -0.9661 0.9583 -0.9570 0.9544 -0.9492 0.9531 -0.9284
-0.9766 1.0000 -0.9844 0.9844 -0.9779 0.9844 -0.9766 0.9753 -0.9727 0.9674 -0.9714 0.9466
0.9661 -0.9844 1.0000 -0.9818 0.9753 -0.9818 0.9740 -0.9727 0.9701 -0.9648 0.9688 -0.9440
-0.9661 0.9844 -0.9818 1.0000 -0.9831 0.9896 -0.9818 0.9805 -0.9779 0.9727 -0.9766 0.9518
0.9596 -0.9779 0.9753 -0.9831 1.0000 -0.9883 0.9805 -0.9792 0.9766 -0.9714 0.9753 -0.9505
-0.9661 0.9844 -0.9818 0.9896 -0.9883 1.0000 -0.9922 0.9883 -0.9857 0.9805 -0.9844 0.9596
0.9583 -0.9766 0.9740 -0.9818 0.9805 -0.9922 1.0000 -0.9883 0.9857 -0.9805 0.9844 -0.9596
-0.9570 0.9753 -0.9727 0.9805 -0.9792 0.9883 -0.9883 1.0000 -0.9870 0.9818 -0.9857 0.9609
0.9544 -0.9727 0.9701 -0.9779 0.9766 -0.9857 0.9857 -0.9870 1.0000 -0.9922 0.9935 -0.9661
-0.9492 0.9674 -0.9648 0.9727 -0.9714 0.9805 -0.9805 0.9818 -0.9922 1.0000 -0.9883 0.9609
0.9531 -0.9714 0.9688 -0.9766 0.9753 -0.9844 0.9844 -0.9857 0.9935 -0.9883 1.0000 -0.9674
-0.9284 0.9466 -0.9440 0.9518 -0.9505 0.9596 -0.9596 0.9609 -0.9661 0.9609 -0.9674 1.0000
