0.0000 0.0430 0.0621 0.0603 0.0672 0.0569 0.0681 0.0672 0.0715 0.0795 0.0714 0.1143
0.0430 0.0000 0.0289 0.0284 0.0366 0.0263 0.0384 0.0385 0.0422 0.0502 0.0425 0.0860
0.0621 0.0289 0.0000 0.0336 0.0413 0.0310 0.0432 0.0433 0.0470 0.0563 0.0473 0.0908
0.0603 0.0284 0.0336 0.0000 0.0296 0.0193 0.0328 0.0335 0.0372 0.0465 0.0380 0.0811
0.0672 0.0366 0.0413 0.0296 0.0000 0.0201 0.0340 0.0349 0.0354 0.0447 0.0387 0.0825
0.0569 0.0263 0.0310 0.0193 0.0201 0.0000 0.0148 0.0212 0.0248 0.0342 0.0265 0.0687
0.0681 0.0384 0.0432 0.0328 0.0340 0.0148 0.0000 0.0218 0.0262 0.0355 0.0284 0.0702
0.0672 0.0385 0.0433 0.0335 0.0349 0.0212 0.0218 0.0000 0.0230 0.0323 0.0255 0.0675
0.0715 0.0422 0.0470 0.0372 0.0354 0.0248 0.0262 0.0230 0.0000 0.0141 0.0123 0.0610
0.0795 0.0502 0.0563 0.0465 0.0447 0.0342 0.0355 0.0323 0.0141 0.0000 0.0216 0.0703
0.0714 0.0425 0.0473 0.0380 0.0387 0.0265 0.0284 0.0255 0.0123 0.0216 0.0000 0.0598
0.1143 0.0860 0.0908 0.0811 0.0825 0.0687 0.0702 0.0675 0.0610 0.0703 0.0598 0.0000
