0.0000 0.0291 0.0375 0.0366 0.0413 0.0316 0.0291 0.0316 0.0341 0.0442 0.0388 0.0436
0.0291 0.0000 0.0098 0.0075 0.0123 0.0025 0.0000 0.0025 0.0050 0.0151 0.0098 0.0145
0.0375 0.0098 0.0000 0.0173 0.0220 0.0123 0.0098 0.0123 0.0148 0.0248 0.0195 0.0243
0.0366 0.0075 0.0173 0.0000 0.0195 0.0100 0.0075 0.0100 0.0125 0.0226 0.0173 0.0218
0.0413 0.0123 0.0220 0.0195 0.0000 0.0148 0.0123 0.0148 0.0173 0.0273 0.0220 0.0268
0.0316 0.0025 0.0123 0.0100 0.0148 0.0000 0.0025 0.0050 0.0075 0.0176 0.0123 0.0170
0.0291 0.0000 0.0098 0.0075 0.0123 0.0025 0.0000 0.0025 0.0050 0.0151 0.0098 0.0145
0.0316 0.0025 0.0123 0.0100 0.0148 0.0050 0.0025 0.0000 0.0075 0.0176 0.0123 0.0170
0.0341 0.0050 0.0148 0.0125 0.0173 0.0075 0.0050 0.0075 0.0000 0.0201 0.0148 0.0195
0.0442 0.0151 0.0248 0.0226 0.0273 0.0176 0.0151 0.0176 0.0201 0.0000 0.0201 0.0296
0.0388 0.0098 0.0195 0.0173 0.0220 0.0123 0.0098 0.0123 0.0148 0.0201 0.0000 0.0243
0.0436 0.0145 0.0243 0.0218 0.0268 0.0170 0.0145 0.0170 0.0195 0.0296 0.0243 0.0000
