1.0000 -0.4688 0.3737 -0.2487 0.3750 -0.3750 0.5312 -0.1875 0.4375 -0.3750 0.4688 -0.0312
-0.4688 1.0000 -0.6549 0.7174 -0.7188 0.8438 -0.8750 0.6562 -0.7812 0.7812 -0.7500 0.2500
0.3737 -0.6549 1.0000 -0.4375 0.4987 -0.5612 0.7174 -0.4388 0.6237 -0.5013 0.4674 -0.1576
-0.2487 0.7174 -0.4375 1.0000 -0.4987 0.7487 -0.6549 0.4388 -0.5612 0.6888 -0.5299 0.2201
0.3750 -0.7188 0.4987 -0.4987 1.0000 -0.6250 0.7812 -0.4375 0.6250 -0.6250 0.7188 -0.0312
-0.3750 0.8438 -0.5612 0.7487 -0.6250 1.0000 -0.7812 0.6875 -0.6875 0.6875 -0.6562 0.2188
0.5312 -0.8750 0.7174 -0.6549 0.7812 -0.7812 1.0000 -0.5938 0.7812 -0.7188 0.7500 -0.1875
-0.1875 0.6562 -0.4388 0.4388 -0.4375 0.6875 -0.5938 1.0000 -0.5000 0.5625 -0.4688 0.0938
0.4375 -0.7812 0.6237 -0.5612 0.6250 -0.6875 0.7812 -0.5000 1.0000 -0.6250 0.7188 -0.0938
-0.3750 0.7812 -0.5013 0.6888 -0.6250 0.6875 -0.7188 0.5625 -0.6250 1.0000 -0.5938 0.1562
0.4688 -0.7500 0.4674 -0.5299 0.7188 -0.6562 0.7500 -0.4688 0.7188 -0.5938 1.0000 -0.0625
-0.0312 0.2500 -0.1576 0.2201 -0.0312 0.2188 -0.1875 0.0938 -0.0938 0.1562 -0.0625 1.0000
