1.0000 -0.4167 0.3854 -0.4349 0.4661 -0.4154 0.6029 -0.4036 0.5065 -0.3216 0.5625 -0.1562
-0.4167 1.0000 -0.6562 0.7734 -0.6380 0.8737 -0.6862 0.7422 -0.6576 0.7174 -0.7917 0.7396
0.3854 -0.6562 1.0000 -0.6745 0.6641 -0.6549 0.7174 -0.6432 0.6836 -0.5612 0.6979 -0.3958
-0.4349 0.7734 -0.6745 1.0000 -0.6562 0.8372 -0.7070 0.7812 -0.6784 0.6810 -0.8099 0.5964
0.4661 -0.6380 0.6641 -0.6562 1.0000 -0.6367 0.6315 -0.6250 0.6654 -0.5430 0.7161 -0.3776
-0.4154 0.8737 -0.6549 0.8372 -0.6367 1.0000 -0.6875 0.7435 -0.6589 0.7188 -0.7904 0.6159
0.6029 -0.6862 0.7174 -0.7070 0.6315 -0.6875 1.0000 -0.6758 0.7161 -0.5938 0.7904 -0.4284
-0.4036 0.7422 -0.6432 0.7812 -0.6250 0.7435 -0.6758 1.0000 -0.6471 0.8372 -0.7786 0.5651
0.5065 -0.6576 0.6836 -0.6784 0.6654 -0.6589 0.7161 -0.6471 1.0000 -0.5651 0.7565 -0.3997
-0.3216 0.7174 -0.5612 0.6810 -0.5430 0.7188 -0.5938 0.8372 -0.5651 1.0000 -0.6966 0.6471
0.5625 -0.7917 0.6979 -0.8099 0.7161 -0.7904 0.7904 -0.7786 0.7565 -0.6966 1.0000 -0.5312
-0.1562 0.7396 -0.3958 0.5964 -0.3776 0.6159 -0.4284 0.5651 -0.3997 0.6471 -0.5312 1.0000
