0.0000 0.0384 0.0413 0.0363 0.0361 0.0493 0.0563 0.0461 0.0360 0.0359 0.0339 0.0428
0.0384 0.0000 0.0220 0.0170 0.0170 0.0310 0.0370 0.0272 0.0184 0.0166 0.0148 0.0234
0.0413 0.0220 0.0000 0.0191 0.0195 0.0340 0.0393 0.0297 0.0209 0.0191 0.0173 0.0259
0.0363 0.0170 0.0191 0.0000 0.0145 0.0290 0.0341 0.0247 0.0160 0.0141 0.0123 0.0209
0.0361 0.0170 0.0195 0.0145 0.0000 0.0251 0.0297 0.0245 0.0160 0.0141 0.0123 0.0209
0.0493 0.0310 0.0340 0.0290 0.0251 0.0000 0.0489 0.0379 0.0304 0.0285 0.0267 0.0354
0.0563 0.0370 0.0393 0.0341 0.0297 0.0489 0.0000 0.0365 0.0359 0.0341 0.0322 0.0259
0.0461 0.0272 0.0297 0.0247 0.0245 0.0379 0.0365 0.0000 0.0262 0.0243 0.0225 0.0268
0.0360 0.0184 0.0209 0.0160 0.0160 0.0304 0.0359 0.0262 0.0000 0.0155 0.0137 0.0224
0.0359 0.0166 0.0191 0.0141 0.0141 0.0285 0.0341 0.0243 0.0155 0.0000 0.0118 0.0205
0.0339 0.0148 0.0173 0.0123 0.0123 0.0267 0.0322 0.0225 0.0137 0.0118 0.0000 0.0187
0.0428 0.0234 0.0259 0.0209 0.0209 0.0354 0.0259 0.0268 0.0224 0.0205 0.0187 0.0000
