1.0000 0.0234 0.3438 -0.1328 0.3359 -0.1328 0.2370 -0.1016 0.2630 -0.1328 0.2578 0.1172
0.0234 1.0000 -0.4297 0.7188 -0.4375 0.7188 -0.5729 0.6250 -0.6146 0.7188 -0.5938 0.6562
0.3438 -0.4297 1.0000 -0.5859 0.5703 -0.5859 0.5651 -0.5547 0.6849 -0.5859 0.6484 -0.3359
-0.1328 0.7188 -0.5859 1.0000 -0.5938 0.7500 -0.7292 0.8438 -0.7708 0.7500 -0.7500 0.5625
0.3359 -0.4375 0.5703 -0.5938 1.0000 -0.5938 0.5729 -0.5625 0.6771 -0.5938 0.6562 -0.3438
-0.1328 0.7188 -0.5859 0.7500 -0.5938 1.0000 -0.7292 0.7188 -0.7708 0.7500 -0.7500 0.6250
0.2370 -0.5729 0.5651 -0.7292 0.5729 -0.7292 1.0000 -0.6979 0.8125 -0.7292 0.7708 -0.4792
-0.1016 0.6250 -0.5547 0.8438 -0.5625 0.7188 -0.6979 1.0000 -0.7396 0.7812 -0.7188 0.5938
0.2630 -0.6146 0.6849 -0.7708 0.6771 -0.7708 0.8125 -0.7396 1.0000 -0.7708 0.7917 -0.5208
-0.1328 0.7188 -0.5859 0.7500 -0.5938 0.7500 -0.7292 0.7812 -0.7708 1.0000 -0.7500 0.6875
0.2578 -0.5938 0.6484 -0.7500 0.6562 -0.7500 0.7708 -0.7188 0.7917 -0.7500 1.0000 -0.5000
0.1172 0.6562 -0.3359 0.5625 -0.3438 0.6250 -0.4792 0.5938 -0.5208 0.6875 -0.5000 1.0000
