1.0000 -0.3763 0.4388 -0.4062 0.5534 -0.5000 0.4154 -0.3438 0.5312 -0.4062 0.5625 -0.1562
-0.3763 1.0000 -0.6250 0.7174 -0.6979 0.7487 -0.5833 0.7174 -0.5951 0.5924 -0.6862 0.7174
0.4388 -0.6250 1.0000 -0.6549 0.8229 -0.7487 0.7083 -0.5924 0.7826 -0.6549 0.7487 -0.4049
-0.4062 0.7174 -0.6549 1.0000 -0.7279 0.7188 -0.6159 0.7500 -0.6250 0.7500 -0.7188 0.6250
0.5534 -0.6979 0.8229 -0.7279 1.0000 -0.8216 0.7188 -0.6654 0.8346 -0.7279 0.8841 -0.4779
-0.5000 0.7487 -0.7487 0.7188 -0.8216 1.0000 -0.7096 0.7812 -0.7188 0.7188 -0.8125 0.5312
0.4154 -0.5833 0.7083 -0.6159 0.7188 -0.7096 1.0000 -0.5534 0.6966 -0.6159 0.7721 -0.3659
-0.3438 0.7174 -0.5924 0.7500 -0.6654 0.7812 -0.5534 1.0000 -0.5625 0.6250 -0.6562 0.5625
0.5312 -0.5951 0.7826 -0.6250 0.8346 -0.7188 0.6966 -0.5625 1.0000 -0.6250 0.7812 -0.3750
-0.4062 0.5924 -0.6549 0.7500 -0.7279 0.7188 -0.6159 0.6250 -0.6250 1.0000 -0.7188 0.6250
0.5625 -0.6862 0.7487 -0.7188 0.8841 -0.8125 0.7721 -0.6562 0.7812 -0.7188 1.0000 -0.4688
-0.1562 0.7174 -0.4049 0.6250 -0.4779 0.5312 -0.3659 0.5625 -0.3750 0.6250 -0.4688 1.0000
