1.0000 -0.0208 -0.0508 0.0026 -0.0286 0.0326 -0.0430 -0.0443 0.0117 -0.0065 -0.0013 0.0469
-0.0208 1.0000 -0.0091 0.0286 -0.0104 0.0091 -0.0143 -0.0104 0.0065 -0.0169 0.0091 -0.0000
-0.0508 -0.0091 1.0000 -0.0326 0.0378 -0.0260 -0.0000 -0.0195 -0.0573 -0.0286 -0.0286 0.0404
0.0026 0.0286 -0.0326 1.0000 -0.0391 -0.0221 -0.0195 0.0234 -0.0195 0.0091 0.0065 -0.0182
-0.0286 -0.0104 0.0378 -0.0391 1.0000 -0.0352 -0.0404 -0.0000 -0.0456 -0.0247 0.0794 0.0365
0.0326 0.0091 -0.0260 -0.0221 -0.0352 1.0000 -0.0286 -0.0039 -0.0859 -0.0208 -0.0052 -0.0117
-0.0430 -0.0143 -0.0000 -0.0195 -0.0404 -0.0286 1.0000 -0.0169 0.0104 -0.0625 -0.0078 -0.0508
-0.0443 -0.0104 -0.0195 0.0234 -0.0000 -0.0039 -0.0169 1.0000 -0.0273 -0.0143 0.0404 0.0286
0.0117 0.0065 -0.0573 -0.0195 -0.0456 -0.0859 0.0104 -0.0273 1.0000 0.0599 0.0391 0.0195
-0.0065 -0.0169 -0.0286 0.0091 -0.0247 -0.0208 -0.0625 -0.0143 0.0599 1.0000 0.0208 -0.0273
-0.0013 0.0091 -0.0286 0.0065 0.0794 -0.0052 -0.0078 0.0404 0.0391 0.0208 1.0000 -0.0846
0.0469 -0.0000 0.0404 -0.0182 0.0365 -0.0117 -0.0508 0.0286 0.0195 -0.0273 -0.0846 1.0000
