1.0000 -0.9844 0.9792 -0.9805 0.9779 -0.9831 0.9844 -0.9831 0.9818 -0.9753 0.9792 -0.9766
-0.9844 1.0000 -0.9948 0.9961 -0.9935 0.9987 -1.0000 0.9987 -0.9974 0.9909 -0.9948 0.9922
0.9792 -0.9948 1.0000 -0.9909 0.9883 -0.9935 0.9948 -0.9935 0.9922 -0.9857 0.9896 -0.9870
-0.9805 0.9961 -0.9909 1.0000 -0.9896 0.9948 -0.9961 0.9948 -0.9935 0.9870 -0.9909 0.9883
0.9779 -0.9935 0.9883 -0.9896 1.0000 -0.9922 0.9935 -0.9922 0.9909 -0.9844 0.9883 -0.9857
-0.9831 0.9987 -0.9935 0.9948 -0.9922 1.0000 -0.9987 0.9974 -0.9961 0.9896 -0.9935 0.9909
0.9844 -1.0000 0.9948 -0.9961 0.9935 -0.9987 1.0000 -0.9987 0.9974 -0.9909 0.9948 -0.9922
-0.9831 0.9987 -0.9935 0.9948 -0.9922 0.9974 -0.9987 1.0000 -0.9961 0.9896 -0.9935 0.9909
0.9818 -0.9974 0.9922 -0.9935 0.9909 -0.9961 0.9974 -0.9961 1.0000 -0.9883 0.9922 -0.9896
-0.9753 0.9909 -0.9857 0.9870 -0.9844 0.9896 -0.9909 0.9896 -0.9883 1.0000 -0.9883 0.9831
0.9792 -0.9948 0.9896 -0.9909 0.9883 -0.9935 0.9948 -0.9935 0.9922 -0.9883 1.0000 -0.9870
-0.9766 0.9922 -0.9870 0.9883 -0.9857 0.9909 -0.9922 0.9909 -0.9896 0.9831 -0.9870 1.0000
