1.0000 -0.0052 0.0104 -0.0378 -0.0326 0.0260 0.0208 0.0156 -0.0273 -0.0052 0.0859 0.0039
-0.0052 1.0000 -0.0156 -0.0612 -0.0352 -0.0312 -0.0052 0.0000 -0.0404 0.0130 -0.0130 0.0508
0.0104 -0.0156 1.0000 -0.0169 -0.0820 -0.0078 -0.0365 -0.0312 0.0508 0.0130 -0.0104 -0.0326
-0.0378 -0.0612 -0.0169 1.0000 -0.0833 -0.0534 -0.0195 0.0065 -0.0078 -0.0039 -0.0091 0.0026
-0.0326 -0.0352 -0.0820 -0.0833 1.0000 -0.0352 0.0091 -0.0273 0.0260 -0.0039 -0.0742 -0.0391
0.0260 -0.0312 -0.0078 -0.0534 -0.0352 1.0000 0.0260 -0.0208 0.0117 -0.0234 -0.0130 0.0013
0.0208 -0.0052 -0.0365 -0.0195 0.0091 0.0260 1.0000 0.0365 -0.0013 0.0156 0.0130 -0.0456
0.0156 0.0000 -0.0312 0.0065 -0.0273 -0.0208 0.0365 1.0000 0.0039 -0.0130 -0.0625 0.0013
-0.0273 -0.0404 0.0508 -0.0078 0.0260 0.0117 -0.0013 0.0039 1.0000 -0.0169 -0.0299 -0.0599
-0.0052 0.0130 0.0130 -0.0039 -0.0039 -0.0234 0.0156 -0.0130 -0.0169 1.0000 -0.0547 -0.0508
0.0859 -0.0130 -0.0104 -0.0091 -0.0742 -0.0130 0.0130 -0.0625 -0.0299 -0.0547 1.0000 -0.0430
0.0039 0.0508 -0.0326 0.0026 -0.0391 0.0013 -0.0456 0.0013 -0.0599 -0.0508 -0.0430 1.0000
