1.0000 -0.3750 0.3438 -0.4375 0.3750 -0.2812 0.3438 -0.2812 0.5625 -0.2812 0.5000 -0.0312
-0.3750 1.0000 -0.5938 0.8125 -0.5625 0.7188 -0.6562 0.5312 -0.8125 0.6562 -0.6250 0.3438
0.3438 -0.5938 1.0000 -0.5938 0.4688 -0.5000 0.6250 -0.4375 0.6562 -0.5000 0.5312 -0.1875
-0.4375 0.8125 -0.5938 1.0000 -0.5625 0.6562 -0.6562 0.5938 -0.8125 0.6562 -0.6250 0.2188
0.3750 -0.5625 0.4688 -0.5625 1.0000 -0.4688 0.6562 -0.4062 0.6875 -0.5938 0.5625 -0.0312
-0.2812 0.7188 -0.5000 0.6562 -0.4688 1.0000 -0.5625 0.5000 -0.7188 0.6250 -0.5312 0.3125
0.3438 -0.6562 0.6250 -0.6562 0.6562 -0.5625 1.0000 -0.4375 0.7188 -0.5625 0.7188 -0.1250
-0.2812 0.5312 -0.4375 0.5938 -0.4062 0.5000 -0.4375 1.0000 -0.5938 0.5000 -0.4062 0.1250
0.5625 -0.8125 0.6562 -0.8125 0.6875 -0.7188 0.7188 -0.5938 1.0000 -0.7188 0.8125 -0.2812
-0.2812 0.6562 -0.5000 0.6562 -0.5938 0.6250 -0.5625 0.5000 -0.7188 1.0000 -0.5312 0.1875
0.5000 -0.6250 0.5312 -0.6250 0.5625 -0.5312 0.7188 -0.4062 0.8125 -0.5312 1.0000 -0.0938
-0.0312 0.3438 -0.1875 0.2188 -0.0312 0.3125 -0.1250 0.1250 -0.2812 0.1875 -0.0938 1.0000
