1.0000 -0.3086 0.4115 -0.3034 0.3529 -0.3034 0.4466 -0.3346 0.4466 -0.2747 0.4622 -0.0846
-0.3086 1.0000 -0.7904 0.7448 -0.6615 0.8073 -0.6302 0.8385 -0.6927 0.7161 -0.6536 0.6510
0.4115 -0.7904 1.0000 -0.7852 0.8086 -0.7852 0.7773 -0.8164 0.8398 -0.7565 0.7565 -0.5664
-0.3034 0.7448 -0.7852 1.0000 -0.6562 0.6875 -0.6250 0.7812 -0.6875 0.6536 -0.6536 0.7188
0.3529 -0.6615 0.8086 -0.6562 1.0000 -0.6562 0.7812 -0.6875 0.7812 -0.6276 0.6901 -0.4375
-0.3034 0.8073 -0.7852 0.6875 -0.6562 1.0000 -0.6250 0.8438 -0.6875 0.7786 -0.6536 0.5312
0.4466 -0.6302 0.7773 -0.6250 0.7812 -0.6250 1.0000 -0.6562 0.8125 -0.5964 0.6589 -0.4062
-0.3346 0.8385 -0.8164 0.7812 -0.6875 0.8438 -0.6562 1.0000 -0.7188 0.7474 -0.6849 0.5625
0.4466 -0.6927 0.8398 -0.6875 0.7812 -0.6875 0.8125 -0.7188 1.0000 -0.6589 0.7214 -0.4688
-0.2747 0.7161 -0.7565 0.6536 -0.6276 0.7786 -0.5964 0.7474 -0.6589 1.0000 -0.6250 0.6224
0.4622 -0.6536 0.7565 -0.6536 0.6901 -0.6536 0.6589 -0.6849 0.7214 -0.6250 1.0000 -0.4349
-0.0846 0.6510 -0.5664 0.7188 -0.4375 0.5312 -0.4062 0.5625 -0.4688 0.6224 -0.4349 1.0000
