0.0000 0.4363 0.4251 0.4554 0.4658 0.3949 0.4180 0.3638 0.4052 0.3791 0.4169 0.2807
0.4363 0.0000 0.3024 0.4249 0.4479 0.5391 0.5253 0.5558 0.5763 0.6281 0.6201 0.5794
0.4251 0.3024 0.0000 0.4239 0.4176 0.4895 0.4855 0.5049 0.5421 0.5645 0.5734 0.4897
0.4554 0.4249 0.4239 0.0000 0.2745 0.3511 0.3821 0.4210 0.4350 0.4910 0.4940 0.4701
0.4658 0.4479 0.4176 0.2745 0.0000 0.3461 0.3443 0.4306 0.4485 0.5038 0.4873 0.4601
0.3949 0.5391 0.4895 0.3511 0.3461 0.0000 0.1438 0.2511 0.2965 0.3469 0.3580 0.3483
0.4180 0.5253 0.4855 0.3821 0.3443 0.1438 0.0000 0.2755 0.2958 0.3778 0.3576 0.3773
0.3638 0.5558 0.5049 0.4210 0.4306 0.2511 0.2755 0.0000 0.2330 0.2770 0.2881 0.2763
0.4052 0.5763 0.5421 0.4350 0.4485 0.2965 0.2958 0.2330 0.0000 0.2975 0.2654 0.3404
0.3791 0.6281 0.5645 0.4910 0.5038 0.3469 0.3778 0.2770 0.2975 0.0000 0.2491 0.2768
0.4169 0.6201 0.5734 0.4940 0.4873 0.3580 0.3576 0.2881 0.2654 0.2491 0.0000 0.3256
0.2807 0.5794 0.4897 0.4701 0.4601 0.3483 0.3773 0.2763 0.3404 0.2768 0.3256 0.0000
