1.0000 -0.0495 0.0143 0.0065 -0.0378 -0.0299 -0.0143 -0.0091 0.0456 0.0260 -0.0091 0.0339
-0.0495 1.0000 -0.0299 0.0013 -0.0430 0.0326 0.0247 -0.0117 -0.0326 -0.0104 -0.0117 -0.0130
0.0143 -0.0299 1.0000 -0.0260 -0.0156 -0.0052 0.0078 -0.0052 0.0208 0.0039 -0.0339 -0.0247
0.0065 0.0013 -0.0260 1.0000 -0.0156 0.0599 0.0052 -0.0104 -0.0026 -0.0039 0.0078 0.0039
-0.0378 -0.0430 -0.0156 -0.0156 1.0000 -0.0026 -0.0052 -0.0104 0.0052 -0.0352 0.0286 -0.0195
-0.0299 0.0326 -0.0052 0.0599 -0.0026 1.0000 -0.0104 0.0052 -0.0234 0.0091 -0.0104 0.0143
-0.0143 0.0247 0.0078 0.0052 -0.0052 -0.0104 1.0000 -0.0026 -0.0260 0.0221 0.0365 0.0143
-0.0091 -0.0117 -0.0052 -0.0104 -0.0104 0.0052 -0.0026 1.0000 0.0026 0.0169 0.0078 0.0482
0.0456 -0.0326 0.0208 -0.0026 0.0052 -0.0234 -0.0260 0.0026 1.0000 -0.0404 -0.0391 -0.0065
0.0260 -0.0104 0.0039 -0.0039 -0.0352 0.0091 0.0221 0.0169 -0.0404 1.0000 -0.0221 -0.0052
-0.0091 -0.0117 -0.0339 0.0078 0.0286 -0.0104 0.0365 0.0078 -0.0391 -0.0221 1.0000 -0.0404
0.0339 -0.0130 -0.0247 0.0039 -0.0195 0.0143 0.0143 0.0482 -0.0065 -0.0052 -0.0404 1.0000
