1.0000 -0.4023 0.6198 -0.2357 0.4336 -0.1237 0.2734 0.0482 0.1641 0.0469 0.0755 0.2070
-0.4023 1.0000 -0.6315 0.5286 -0.5104 0.4557 -0.4883 0.2943 -0.3971 0.3320 -0.3008 0.2578
0.6198 -0.6315 1.0000 -0.5091 0.6081 -0.3945 0.5208 -0.2122 0.3594 -0.2188 0.2526 -0.0534
-0.2357 0.5286 -0.5091 1.0000 -0.6146 0.7161 -0.6706 0.5677 -0.5872 0.5820 -0.4987 0.4401
0.4336 -0.5104 0.6081 -0.6146 1.0000 -0.5365 0.6471 -0.3594 0.4961 -0.3685 0.4284 -0.1875
-0.1237 0.4557 -0.3945 0.7161 -0.5365 1.0000 -0.7826 0.6849 -0.6732 0.7279 -0.5586 0.5781
0.2734 -0.4883 0.5208 -0.6706 0.6471 -0.7826 1.0000 -0.6081 0.6823 -0.6120 0.5443 -0.4362
0.0482 0.2943 -0.2122 0.5677 -0.3594 0.6849 -0.6081 1.0000 -0.5977 0.7461 -0.5221 0.6224
0.1641 -0.3971 0.3594 -0.5872 0.4961 -0.6732 0.6823 -0.5977 1.0000 -0.6224 0.5365 -0.4258
0.0469 0.3320 -0.2188 0.5820 -0.3685 0.7279 -0.6120 0.7461 -0.6224 1.0000 -0.6302 0.6758
0.0755 -0.3008 0.2526 -0.4987 0.4284 -0.5586 0.5443 -0.5221 0.5365 -0.6302 1.0000 -0.4466
0.2070 0.2578 -0.0534 0.4401 -0.1875 0.5781 -0.4362 0.6224 -0.4258 0.6758 -0.4466 1.0000
