1.0000 -0.4167 0.5560 -0.2734 0.3776 -0.1250 0.3333 -0.0651 0.2474 -0.0534 0.2201 0.1185
-0.4167 1.0000 -0.7096 0.6146 -0.5885 0.5781 -0.5807 0.4922 -0.4401 0.4779 -0.4570 0.3451
0.5560 -0.7096 1.0000 -0.5794 0.5951 -0.4258 0.5560 -0.3607 0.4909 -0.3438 0.4557 -0.1771
-0.2734 0.6146 -0.5794 1.0000 -0.7083 0.7526 -0.6953 0.6823 -0.5911 0.6289 -0.5898 0.4987
0.3776 -0.5885 0.5951 -0.7083 1.0000 -0.5911 0.6953 -0.5182 0.5755 -0.5091 0.5430 -0.3424
-0.1250 0.5781 -0.4258 0.7526 -0.5911 1.0000 -0.7474 0.8047 -0.6458 0.7070 -0.6497 0.5768
0.3333 -0.5807 0.5560 -0.6953 0.6953 -0.7474 1.0000 -0.6823 0.6953 -0.6732 0.6966 -0.4987
-0.0651 0.4922 -0.3607 0.6823 -0.5182 0.8047 -0.6823 1.0000 -0.6458 0.7643 -0.6784 0.6706
0.2474 -0.4401 0.4909 -0.5911 0.5755 -0.6458 0.6953 -0.6458 1.0000 -0.6393 0.7513 -0.4622
-0.0534 0.4779 -0.3438 0.6289 -0.5091 0.7070 -0.6732 0.7643 -0.6393 1.0000 -0.7448 0.7292
0.2201 -0.4570 0.4557 -0.5898 0.5430 -0.6497 0.6966 -0.6784 0.7513 -0.7448 1.0000 -0.5833
0.1185 0.3451 -0.1771 0.4987 -0.3424 0.5768 -0.4987 0.6706 -0.4622 0.7292 -0.5833 1.0000
