0.0000 0.7271 0.8226 0.8563 0.8792 0.8781 0.8825 0.8996 0.8900 0.9007 0.9237 0.9486
0.7271 0.0000 0.6673 0.7620 0.8147 0.8292 0.8479 0.8694 0.8454 0.8763 0.8991 0.9196
0.8226 0.6673 0.0000 0.6327 0.7465 0.7784 0.8158 0.8286 0.8441 0.8550 0.8811 0.9220
0.8563 0.7620 0.6327 0.0000 0.6015 0.7199 0.7729 0.8028 0.8058 0.8515 0.8604 0.8939
0.8792 0.8147 0.7465 0.6015 0.0000 0.6226 0.7541 0.7845 0.8037 0.8427 0.8579 0.8927
0.8781 0.8292 0.7784 0.7199 0.6226 0.0000 0.6257 0.7203 0.7588 0.8223 0.8477 0.8868
0.8825 0.8479 0.8158 0.7729 0.7541 0.6257 0.0000 0.6046 0.7221 0.7632 0.7964 0.8634
0.8996 0.8694 0.8286 0.8028 0.7845 0.7203 0.6046 0.0000 0.6090 0.7478 0.8030 0.8454
0.8900 0.8454 0.8441 0.8058 0.8037 0.7588 0.7221 0.6090 0.0000 0.6260 0.7518 0.8353
0.9007 0.8763 0.8550 0.8515 0.8427 0.8223 0.7632 0.7478 0.6260 0.0000 0.6363 0.8113
0.9237 0.8991 0.8811 0.8604 0.8579 0.8477 0.7964 0.8030 0.7518 0.6363 0.0000 0.7184
0.9486 0.9196 0.9220 0.8939 0.8927 0.8868 0.8634 0.8454 0.8353 0.8113 0.7184 0.0000
