1.0000 -0.4831 0.3581 -0.3047 0.2331 -0.2279 0.2070 -0.1888 0.1667 -0.1289 0.1055 -0.0677
-0.4831 1.0000 -0.5391 0.4258 -0.3073 0.2917 -0.2786 0.2214 -0.2409 0.1901 -0.1198 0.0977
0.3581 -0.5391 1.0000 -0.5716 0.4167 -0.3568 0.3047 -0.2760 0.2591 -0.2500 0.1875 -0.1367
-0.3047 0.4258 -0.5716 1.0000 -0.6003 0.4674 -0.4049 0.3581 -0.3411 0.2956 -0.2643 0.2109
0.2331 -0.3073 0.4167 -0.6003 1.0000 -0.5677 0.4297 -0.3672 0.3503 -0.2943 0.2682 -0.2331
-0.2279 0.2917 -0.3568 0.4674 -0.5677 1.0000 -0.5677 0.4531 -0.4076 0.3229 -0.2500 0.2227
0.2070 -0.2786 0.3047 -0.4049 0.4297 -0.5677 1.0000 -0.5911 0.4622 -0.4089 0.3464 -0.2747
-0.1888 0.2214 -0.2760 0.3581 -0.3672 0.4531 -0.5911 1.0000 -0.5898 0.4375 -0.3750 0.3060
0.1667 -0.2409 0.2591 -0.3411 0.3503 -0.4076 0.4622 -0.5898 1.0000 -0.5794 0.4284 -0.3385
-0.1289 0.1901 -0.2500 0.2956 -0.2943 0.3229 -0.4089 0.4375 -0.5794 1.0000 -0.5651 0.3815
0.1055 -0.1198 0.1875 -0.2643 0.2682 -0.2500 0.3464 -0.3750 0.4284 -0.5651 1.0000 -0.5039
-0.0677 0.0977 -0.1367 0.2109 -0.2331 0.2227 -0.2747 0.3060 -0.3385 0.3815 -0.5039 1.0000
