0.0000 0.9584 0.9723 0.9631 0.9648 0.9646 0.9524 0.9604 0.9659 0.9629 0.9666 0.9497
0.9584 0.0000 0.9599 0.9502 0.9589 0.9623 0.9609 0.9661 0.9621 0.9634 0.9576 0.9628
0.9723 0.9599 0.0000 0.9567 0.9465 0.9363 0.9516 0.9544 0.9576 0.9552 0.9515 0.9576
0.9631 0.9502 0.9567 0.0000 0.9596 0.9557 0.9600 0.9658 0.9588 0.9605 0.9590 0.9497
0.9648 0.9589 0.9465 0.9596 0.0000 0.9477 0.9602 0.9637 0.9384 0.9568 0.9635 0.9514
0.9646 0.9623 0.9363 0.9557 0.9477 0.0000 0.9634 0.9556 0.9518 0.9338 0.9562 0.9527
0.9524 0.9609 0.9516 0.9600 0.9602 0.9634 0.0000 0.9355 0.9550 0.9528 0.9511 0.9563
0.9604 0.9661 0.9544 0.9658 0.9637 0.9556 0.9355 0.0000 0.9500 0.9552 0.9630 0.9647
0.9659 0.9621 0.9576 0.9588 0.9384 0.9518 0.9550 0.9500 0.0000 0.9635 0.9549 0.9549
0.9629 0.9634 0.9552 0.9605 0.9568 0.9338 0.9528 0.9552 0.9635 0.0000 0.9586 0.9586
0.9666 0.9576 0.9515 0.9590 0.9635 0.9562 0.9511 0.9630 0.9549 0.9586 0.0000 0.9481
0.9497 0.9628 0.9576 0.9497 0.9514 0.9527 0.9563 0.9647 0.9549 0.9586 0.9481 0.0000
