0.0000 0.6673 0.8041 0.8689 0.8791 0.8942 0.8814 0.8845 0.9148 0.8891 0.9077 0.9339
0.6673 0.0000 0.6627 0.7791 0.8086 0.8276 0.8562 0.8639 0.8866 0.8757 0.8899 0.9272
0.8041 0.6627 0.0000 0.6574 0.7108 0.7997 0.8440 0.8679 0.8668 0.8829 0.8856 0.9236
0.8689 0.7791 0.6574 0.0000 0.6155 0.7571 0.8028 0.8368 0.8617 0.8557 0.8610 0.9170
0.8791 0.8086 0.7108 0.6155 0.0000 0.6015 0.6813 0.7537 0.8161 0.8014 0.8313 0.8992
0.8942 0.8276 0.7997 0.7571 0.6015 0.0000 0.6239 0.7377 0.8199 0.8117 0.8526 0.9002
0.8814 0.8562 0.8440 0.8028 0.6813 0.6239 0.0000 0.6221 0.7804 0.8209 0.8513 0.8791
0.8845 0.8639 0.8679 0.8368 0.7537 0.7377 0.6221 0.0000 0.6169 0.7222 0.7718 0.8643
0.9148 0.8866 0.8668 0.8617 0.8161 0.8199 0.7804 0.6169 0.0000 0.6594 0.7587 0.8611
0.8891 0.8757 0.8829 0.8557 0.8014 0.8117 0.8209 0.7222 0.6594 0.0000 0.6219 0.8059
0.9077 0.8899 0.8856 0.8610 0.8313 0.8526 0.8513 0.7718 0.7587 0.6219 0.0000 0.7218
0.9339 0.9272 0.9236 0.9170 0.8992 0.9002 0.8791 0.8643 0.8611 0.8059 0.7218 0.0000
