1.0000 -0.0755 -0.0521 -0.0833 -0.0052 -0.0573 0.0052 -0.0143 0.0052 -0.0365 -0.0352 -0.0312
-0.0755 1.0000 -0.0130 -0.0312 -0.0286 -0.0286 -0.0234 -0.0247 -0.0156 0.0130 -0.0091 -0.0417
-0.0521 -0.0130 1.0000 0.0052 -0.0443 -0.0078 -0.0573 -0.0117 0.0078 -0.0339 0.0143 0.0026
-0.0833 -0.0312 0.0052 1.0000 -0.0000 -0.0000 -0.0573 -0.0013 -0.0312 0.0312 0.0221 -0.0286
-0.0052 -0.0286 -0.0443 -0.0000 1.0000 -0.0312 -0.0234 0.0117 -0.0365 -0.0260 0.0091 -0.0026
-0.0573 -0.0286 -0.0078 -0.0000 -0.0312 1.0000 0.0052 -0.0143 0.0312 0.0495 -0.0326 -0.0130
0.0052 -0.0234 -0.0573 -0.0573 -0.0234 0.0052 1.0000 0.0404 -0.0391 0.0339 0.0039 -0.0130
-0.0143 -0.0247 -0.0117 -0.0013 0.0117 -0.0143 0.0404 1.0000 -0.0117 -0.0065 0.0000 0.0117
0.0052 -0.0156 0.0078 -0.0312 -0.0365 0.0312 -0.0391 -0.0117 1.0000 0.0391 -0.0273 -0.0052
-0.0365 0.0130 -0.0339 0.0312 -0.0260 0.0495 0.0339 -0.0065 0.0391 1.0000 -0.0794 -0.0234
-0.0352 -0.0091 0.0143 0.0221 0.0091 -0.0326 0.0039 0.0000 -0.0273 -0.0794 1.0000 0.0482
-0.0312 -0.0417 0.0026 -0.0286 -0.0026 -0.0130 -0.0130 0.0117 -0.0052 -0.0234 0.0482 1.0000
