1.0000 -0.3919 0.3385 -0.1706 0.2695 -0.1107 0.1849 -0.0951 0.1667 -0.0755 0.1536 -0.0143
-0.3919 1.0000 -0.4701 0.3802 -0.2552 0.2474 -0.1862 0.1849 -0.1341 0.1263 -0.0872 0.1172
0.3385 -0.4701 1.0000 -0.4466 0.4388 -0.2721 0.3125 -0.2122 0.2526 -0.1432 0.1641 -0.1237
-0.1706 0.3802 -0.4466 1.0000 -0.4479 0.3932 -0.2409 0.3073 -0.1654 0.2201 -0.1237 0.1354
0.2695 -0.2552 0.4388 -0.4479 1.0000 -0.4505 0.4310 -0.2917 0.3034 -0.1966 0.2174 -0.1120
-0.1107 0.2474 -0.2721 0.3932 -0.4505 1.0000 -0.4102 0.4271 -0.2617 0.2930 -0.1836 0.1901
0.1849 -0.1862 0.3125 -0.2409 0.4310 -0.4102 1.0000 -0.4336 0.4271 -0.2891 0.3125 -0.1393
-0.0951 0.1849 -0.2122 0.3073 -0.2917 0.4271 -0.4336 1.0000 -0.4883 0.4414 -0.2826 0.3073
0.1667 -0.1341 0.2526 -0.1654 0.3034 -0.2617 0.4271 -0.4883 1.0000 -0.4948 0.3698 -0.2070
-0.0755 0.1263 -0.1432 0.2201 -0.1966 0.2930 -0.2891 0.4414 -0.4948 1.0000 -0.5182 0.3867
0.1536 -0.0872 0.1641 -0.1237 0.2174 -0.1836 0.3125 -0.2826 0.3698 -0.5182 1.0000 -0.4492
-0.0143 0.1172 -0.1237 0.1354 -0.1120 0.1901 -0.1393 0.3073 -0.2070 0.3867 -0.4492 1.0000
