1.0000 -0.4115 0.3763 -0.2201 0.2279 -0.1263 0.2539 -0.1419 0.2109 -0.0794 0.1172 0.0352
-0.4115 1.0000 -0.4466 0.4154 -0.2331 0.2591 -0.1836 0.2591 -0.2135 0.2018 -0.0729 0.0898
0.3763 -0.4466 1.0000 -0.4557 0.4036 -0.2422 0.2943 -0.2344 0.3008 -0.1615 0.1680 -0.0156
-0.2201 0.4154 -0.4557 1.0000 -0.4974 0.4505 -0.3073 0.3672 -0.2826 0.3047 -0.1497 0.1901
0.2279 -0.2331 0.4036 -0.4974 1.0000 -0.5312 0.4271 -0.3646 0.3320 -0.2422 0.2174 -0.0599
-0.1263 0.2591 -0.2422 0.4505 -0.5312 1.0000 -0.4557 0.4375 -0.3294 0.3125 -0.1836 0.2109
0.2539 -0.1836 0.2943 -0.3073 0.4271 -0.4557 1.0000 -0.4714 0.3919 -0.2422 0.2357 -0.0677
-0.1419 0.2591 -0.2344 0.3672 -0.3646 0.4375 -0.4714 1.0000 -0.5534 0.4219 -0.2878 0.2552
0.2109 -0.2135 0.3008 -0.2826 0.3320 -0.3294 0.3919 -0.5534 1.0000 -0.4674 0.3828 -0.1549
-0.0794 0.2018 -0.1615 0.3047 -0.2422 0.3125 -0.2422 0.4219 -0.4674 1.0000 -0.4935 0.3151
0.1172 -0.0729 0.1680 -0.1497 0.2174 -0.1836 0.2357 -0.2878 0.3828 -0.4935 1.0000 -0.3607
0.0352 0.0898 -0.0156 0.1901 -0.0599 0.2109 -0.0677 0.2552 -0.1549 0.3151 -0.3607 1.0000
