0.0000 0.7591 0.8457 0.8694 0.9036 0.8904 0.9043 0.9227 0.9157 0.9340 0.9131 0.9421
0.7591 0.0000 0.6756 0.7802 0.8342 0.8197 0.8442 0.8709 0.8751 0.9028 0.8968 0.9327
0.8457 0.6756 0.0000 0.6343 0.7517 0.7810 0.8368 0.8568 0.8558 0.8848 0.8849 0.9164
0.8694 0.7802 0.6343 0.0000 0.6037 0.7242 0.7917 0.8253 0.8293 0.8633 0.8768 0.9134
0.9036 0.8342 0.7517 0.6037 0.0000 0.6330 0.7791 0.7906 0.8404 0.8379 0.8580 0.8904
0.8904 0.8197 0.7810 0.7242 0.6330 0.0000 0.6053 0.7266 0.7989 0.8529 0.8632 0.8945
0.9043 0.8442 0.8368 0.7917 0.7791 0.6053 0.0000 0.6324 0.7772 0.8181 0.8436 0.8800
0.9227 0.8709 0.8568 0.8253 0.7906 0.7266 0.6324 0.0000 0.6203 0.7181 0.7759 0.8743
0.9157 0.8751 0.8558 0.8293 0.8404 0.7989 0.7772 0.6203 0.0000 0.6568 0.7704 0.8823
0.9340 0.9028 0.8848 0.8633 0.8379 0.8529 0.8181 0.7181 0.6568 0.0000 0.6247 0.8008
0.9131 0.8968 0.8849 0.8768 0.8580 0.8632 0.8436 0.7759 0.7704 0.6247 0.0000 0.7074
0.9421 0.9327 0.9164 0.9134 0.8904 0.8945 0.8800 0.8743 0.8823 0.8008 0.7074 0.0000
