1.0000 -0.0273 0.0326 -0.0156 -0.0078 -0.0182 0.0143 0.0195 0.0104 0.0260 -0.0312 0.0208
-0.0273 1.0000 -0.0130 0.0143 -0.0039 0.0221 -0.0182 0.0026 -0.0091 0.0143 0.0195 0.0352
0.0326 -0.0130 1.0000 0.0117 0.0299 0.0195 0.0208 -0.0078 -0.0091 0.0195 -0.0508 0.0013
-0.0156 0.0143 0.0117 1.0000 0.0182 -0.0026 -0.0143 -0.0273 0.0052 -0.0260 -0.0234 -0.0182
-0.0078 -0.0039 0.0299 0.0182 1.0000 0.0026 -0.0326 0.0065 0.0443 -0.0104 0.0078 -0.0495
-0.0182 0.0221 0.0195 -0.0026 0.0026 1.0000 -0.0169 -0.0221 0.0417 0.0052 -0.0312 -0.0104
0.0143 -0.0182 0.0208 -0.0143 -0.0326 -0.0169 1.0000 -0.0208 0.0378 0.0143 -0.0508 -0.0352
0.0195 0.0026 -0.0078 -0.0273 0.0065 -0.0221 -0.0208 1.0000 0.0143 -0.0299 0.0221 -0.0143
0.0104 -0.0091 -0.0091 0.0052 0.0443 0.0417 0.0378 0.0143 1.0000 0.0026 -0.0469 0.0078
0.0260 0.0143 0.0195 -0.0260 -0.0104 0.0052 0.0143 -0.0299 0.0026 1.0000 -0.0104 -0.0182
-0.0312 0.0195 -0.0508 -0.0234 0.0078 -0.0312 -0.0508 0.0221 -0.0469 -0.0104 1.0000 -0.0104
0.0208 0.0352 0.0013 -0.0182 -0.0495 -0.0104 -0.0352 -0.0143 0.0078 -0.0182 -0.0104 1.0000
