1.0000 -0.4531 0.3385 -0.2682 0.2292 -0.2474 0.1875 -0.1589 0.1497 -0.0990 0.1419 -0.0677
-0.4531 1.0000 -0.5391 0.4141 -0.3255 0.3177 -0.2630 0.2214 -0.2122 0.1875 -0.2122 0.1276
0.3385 -0.5391 1.0000 -0.5807 0.4453 -0.3984 0.3099 -0.2943 0.2305 -0.2292 0.2383 -0.1719
-0.2682 0.4141 -0.5807 1.0000 -0.5911 0.4766 -0.3750 0.3203 -0.2826 0.2422 -0.2513 0.1641
0.2292 -0.3255 0.4453 -0.5911 1.0000 -0.5729 0.4115 -0.3724 0.2773 -0.2578 0.2539 -0.1615
-0.2474 0.3177 -0.3984 0.4766 -0.5729 1.0000 -0.5859 0.4766 -0.3659 0.2969 -0.2643 0.1745
0.1875 -0.2630 0.3099 -0.3750 0.4115 -0.5859 1.0000 -0.5755 0.4206 -0.3672 0.3190 -0.2240
-0.1589 0.2214 -0.2943 0.3203 -0.3724 0.4766 -0.5755 1.0000 -0.5716 0.4609 -0.3841 0.2604
0.1497 -0.2122 0.2305 -0.2826 0.2773 -0.3659 0.4206 -0.5716 1.0000 -0.5456 0.3958 -0.2591
-0.0990 0.1875 -0.2292 0.2422 -0.2578 0.2969 -0.3672 0.4609 -0.5456 1.0000 -0.5690 0.3906
0.1419 -0.2122 0.2383 -0.2513 0.2539 -0.2643 0.3190 -0.3841 0.3958 -0.5690 1.0000 -0.4987
-0.0677 0.1276 -0.1719 0.1641 -0.1615 0.1745 -0.2240 0.2604 -0.2591 0.3906 -0.4987 1.0000
