1.0000 -0.5495 0.3919 -0.2865 0.2760 -0.2070 0.2357 -0.2188 0.1810 -0.1745 0.1732 -0.1367
-0.5495 1.0000 -0.5456 0.4036 -0.3750 0.3112 -0.2721 0.2526 -0.1966 0.1641 -0.1680 0.1107
0.3919 -0.5456 1.0000 -0.5534 0.4935 -0.3854 0.3047 -0.2799 0.2083 -0.2044 0.1979 -0.1484
-0.2865 0.4036 -0.5534 1.0000 -0.5938 0.4492 -0.3737 0.3229 -0.2435 0.2526 -0.2044 0.1289
0.2760 -0.3750 0.4935 -0.5938 1.0000 -0.6003 0.5195 -0.4167 0.3398 -0.3359 0.2799 -0.1758
-0.2070 0.3112 -0.3854 0.4492 -0.6003 1.0000 -0.5859 0.4466 -0.3464 0.3320 -0.2604 0.1667
0.2357 -0.2721 0.3047 -0.3737 0.5195 -0.5859 1.0000 -0.5716 0.4036 -0.3685 0.2812 -0.2292
-0.2188 0.2526 -0.2799 0.3229 -0.4167 0.4466 -0.5716 1.0000 -0.5924 0.4844 -0.4102 0.2669
0.1810 -0.1966 0.2083 -0.2435 0.3398 -0.3464 0.4036 -0.5924 1.0000 -0.5586 0.4427 -0.2734
-0.1745 0.1641 -0.2044 0.2526 -0.3359 0.3320 -0.3685 0.4844 -0.5586 1.0000 -0.5846 0.3398
0.1732 -0.1680 0.1979 -0.2044 0.2799 -0.2604 0.2812 -0.4102 0.4427 -0.5846 1.0000 -0.4792
-0.1367 0.1107 -0.1484 0.1289 -0.1758 0.1667 -0.2292 0.2669 -0.2734 0.3398 -0.4792 1.0000
