1.0000 -0.5143 0.3945 -0.3581 0.2617 -0.2305 0.1784 -0.1302 0.1094 -0.1055 0.0417 -0.0456
-0.5143 1.0000 -0.5469 0.4193 -0.3359 0.2708 -0.2266 0.1706 -0.2018 0.1719 -0.1107 0.0990
0.3945 -0.5469 1.0000 -0.5599 0.4583 -0.3385 0.2760 -0.2096 0.1836 -0.1589 0.1081 -0.1016
-0.3581 0.4193 -0.5599 1.0000 -0.5703 0.4349 -0.3620 0.3008 -0.2331 0.2031 -0.1445 0.1068
0.2617 -0.3359 0.4583 -0.5703 1.0000 -0.5781 0.4401 -0.3424 0.2513 -0.2526 0.1497 -0.1094
-0.2305 0.2708 -0.3385 0.4349 -0.5781 1.0000 -0.5625 0.4518 -0.3555 0.3151 -0.2227 0.1667
0.1784 -0.2266 0.2760 -0.3620 0.4401 -0.5625 1.0000 -0.5169 0.4128 -0.3490 0.2591 -0.1719
-0.1302 0.1706 -0.2096 0.3008 -0.3424 0.4518 -0.5169 1.0000 -0.5938 0.4128 -0.3099 0.2122
0.1094 -0.2018 0.1836 -0.2331 0.2513 -0.3555 0.4128 -0.5938 1.0000 -0.5638 0.3880 -0.2747
-0.1055 0.1719 -0.1589 0.2031 -0.2526 0.3151 -0.3490 0.4128 -0.5638 1.0000 -0.5560 0.3490
0.0417 -0.1107 0.1081 -0.1445 0.1497 -0.2227 0.2591 -0.3099 0.3880 -0.5560 1.0000 -0.5039
-0.0456 0.0990 -0.1016 0.1068 -0.1094 0.1667 -0.1719 0.2122 -0.2747 0.3490 -0.5039 1.0000
