1.0000 -0.6641 0.5404 -0.5247 0.5195 -0.4935 0.4805 -0.4753 0.4609 -0.3958 0.3242
-0.6641 1.0000 -0.6836 0.6315 -0.6393 0.5977 -0.5820 0.5742 -0.5469 0.4688 -0.3711
0.5404 -0.6836 1.0000 -0.7344 0.7109 -0.6745 0.6510 -0.6328 0.6055 -0.5430 0.4167
-0.5247 0.6315 -0.7344 1.0000 -0.7656 0.7109 -0.6797 0.6562 -0.6237 0.5430 -0.4271
0.5195 -0.6393 0.7109 -0.7656 1.0000 -0.7760 0.7188 -0.6849 0.6523 -0.5924 0.4661
-0.4935 0.5977 -0.6745 0.7109 -0.7760 1.0000 -0.7604 0.6953 -0.6471 0.5872 -0.4479
0.4805 -0.5820 0.6510 -0.6797 0.7188 -0.7604 1.0000 -0.7734 0.7018 -0.6185 0.4922
-0.4753 0.5742 -0.6328 0.6562 -0.6849 0.6953 -0.7734 1.0000 -0.7435 0.6628 -0.5234
0.4609 -0.5469 0.6055 -0.6237 0.6523 -0.6471 0.7018 -0.7435 1.0000 -0.7578 0.5482
-0.3958 0.4688 -0.5430 0.5430 -0.5924 0.5872 -0.6185 0.6628 -0.7578 1.0000 -0.6055
0.3242 -0.3711 0.4167 -0.4271 0.4661 -0.4479 0.4922 -0.5234 0.5482 -0.6055 1.0000
