0.0000 0.8792 0.8757 0.8483 0.8734 0.8490 0.8743 0.8812 0.8714 0.8848 0.8610
0.8792 0.0000 0.8597 0.8701 0.8770 0.8818 0.8688 0.8763 0.8691 0.8857 0.8659
0.8757 0.8597 0.0000 0.8633 0.8988 0.8659 0.8724 0.8662 0.8812 0.8685 0.8825
0.8483 0.8701 0.8633 0.0000 0.8662 0.8835 0.8587 0.8812 0.8851 0.8900 0.8682
0.8734 0.8770 0.8988 0.8662 0.0000 0.8760 0.8714 0.8711 0.8802 0.8623 0.8828
0.8490 0.8818 0.8659 0.8835 0.8760 0.0000 0.8691 0.8630 0.8923 0.8594 0.8623
0.8743 0.8688 0.8724 0.8587 0.8714 0.8691 0.0000 0.8590 0.8688 0.8770 0.8597
0.8812 0.8763 0.8662 0.8812 0.8711 0.8630 0.8590 0.0000 0.8743 0.8753 0.8913
0.8714 0.8691 0.8812 0.8851 0.8802 0.8923 0.8688 0.8743 0.0000 0.8695 0.8607
0.8848 0.8857 0.8685 0.8900 0.8623 0.8594 0.8770 0.8753 0.8695 0.0000 0.8740
0.8610 0.8659 0.8825 0.8682 0.8828 0.8623 0.8597 0.8913 0.8607 0.8740 0.0000
