0.0000 0.5088 0.5563 0.5755 0.5964 0.6178 0.6097 0.6266 0.6410 0.6696 0.7305
0.5088 0.0000 0.4004 0.4307 0.4476 0.4847 0.5059 0.4948 0.5267 0.5918 0.6898
0.5563 0.4004 0.0000 0.2913 0.3857 0.3968 0.4355 0.4440 0.4707 0.5156 0.6240
0.5755 0.4307 0.2913 0.0000 0.2936 0.3470 0.3708 0.3890 0.4059 0.4788 0.6016
0.5964 0.4476 0.3857 0.2936 0.0000 0.3040 0.3577 0.4007 0.4157 0.5068 0.5990
0.6178 0.4847 0.3968 0.3470 0.3040 0.0000 0.3076 0.3988 0.3870 0.4717 0.5905
0.6097 0.5059 0.4355 0.3708 0.3577 0.3076 0.0000 0.2982 0.3346 0.4544 0.5576
0.6266 0.4948 0.4440 0.3890 0.4007 0.3988 0.2982 0.0000 0.3125 0.4538 0.5615
0.6410 0.5267 0.4707 0.4059 0.4157 0.3870 0.3346 0.3125 0.0000 0.4082 0.5407
0.6696 0.5918 0.5156 0.4788 0.5068 0.4717 0.4544 0.4538 0.4082 0.0000 0.4964
0.7305 0.6898 0.6240 0.6016 0.5990 0.5905 0.5576 0.5615 0.5407 0.4964 0.0000
