0.0000 0.4583 0.5706 0.5719 0.5791 0.5999 0.6143 0.6077 0.5931 0.6185 0.7542
0.4583 0.0000 0.4163 0.4600 0.4541 0.4899 0.4951 0.5088 0.5065 0.5521 0.6755
0.5706 0.4163 0.0000 0.3516 0.3789 0.4225 0.4395 0.4375 0.4378 0.4971 0.6387
0.5719 0.4600 0.3516 0.0000 0.3268 0.3867 0.4128 0.4362 0.4215 0.4873 0.6328
0.5791 0.4541 0.3789 0.3268 0.0000 0.3171 0.3704 0.4102 0.4092 0.4593 0.5951
0.5999 0.4899 0.4225 0.3867 0.3171 0.0000 0.3438 0.4036 0.4320 0.4775 0.6146
0.6143 0.4951 0.4395 0.4128 0.3704 0.3438 0.0000 0.3151 0.3812 0.4554 0.5801
0.6077 0.5088 0.4375 0.4362 0.4102 0.4036 0.3151 0.0000 0.3369 0.4196 0.5632
0.5931 0.5065 0.4378 0.4215 0.4092 0.4320 0.3812 0.3369 0.0000 0.3438 0.5537
0.6185 0.5521 0.4971 0.4873 0.4593 0.4775 0.4554 0.4196 0.3438 0.0000 0.5068
0.7542 0.6755 0.6387 0.6328 0.5951 0.6146 0.5801 0.5632 0.5537 0.5068 0.0000
