0.0000 0.5068 0.5980 0.5957 0.6058 0.6354 0.6253 0.6396 0.6758 0.6507 0.7096
0.5068 0.0000 0.4062 0.4704 0.4661 0.4951 0.5033 0.5137 0.5531 0.5723 0.6410
0.5980 0.4062 0.0000 0.3219 0.3945 0.4111 0.4329 0.4590 0.4834 0.5098 0.6045
0.5957 0.4704 0.3219 0.0000 0.3382 0.3848 0.4202 0.4574 0.4805 0.5088 0.5898
0.6058 0.4661 0.3945 0.3382 0.0000 0.2835 0.3763 0.4141 0.4645 0.4831 0.5947
0.6354 0.4951 0.4111 0.3848 0.2835 0.0000 0.3128 0.3701 0.4134 0.4469 0.5768
0.6253 0.5033 0.4329 0.4202 0.3763 0.3128 0.0000 0.3223 0.4118 0.4512 0.5791
0.6396 0.5137 0.4590 0.4574 0.4141 0.3701 0.3223 0.0000 0.3499 0.4434 0.5576
0.6758 0.5531 0.4834 0.4805 0.4645 0.4134 0.4118 0.3499 0.0000 0.3955 0.5638
0.6507 0.5723 0.5098 0.5088 0.4831 0.4469 0.4512 0.4434 0.3955 0.0000 0.4840
0.7096 0.6410 0.6045 0.5898 0.5947 0.5768 0.5791 0.5576 0.5638 0.4840 0.0000
