1.0000 -0.6081 0.5104 -0.4570 0.4245 -0.4128 0.3945 -0.3737 0.3451 -0.3281 0.2617
-0.6081 1.0000 -0.7279 0.6250 -0.5664 0.5312 -0.5417 0.5365 -0.4688 0.4701 -0.4036
0.5104 -0.7279 1.0000 -0.7174 0.6406 -0.5820 0.5872 -0.5846 0.5221 -0.5052 0.4284
-0.4570 0.6250 -0.7174 1.0000 -0.7148 0.6328 -0.6224 0.6068 -0.5625 0.5326 -0.4583
0.4245 -0.5664 0.6406 -0.7148 1.0000 -0.7461 0.7018 -0.6784 0.6029 -0.5573 0.4674
-0.4128 0.5312 -0.5820 0.6328 -0.7461 1.0000 -0.7630 0.6979 -0.6198 0.5690 -0.4661
0.3945 -0.5417 0.5872 -0.6224 0.7018 -0.7630 1.0000 -0.7682 0.7005 -0.6315 0.5052
-0.3737 0.5365 -0.5846 0.6068 -0.6784 0.6979 -0.7682 1.0000 -0.7370 0.6784 -0.5443
0.3451 -0.4688 0.5221 -0.5625 0.6029 -0.6198 0.7005 -0.7370 1.0000 -0.7383 0.5651
-0.3281 0.4701 -0.5052 0.5326 -0.5573 0.5690 -0.6315 0.6784 -0.7383 1.0000 -0.6055
0.2617 -0.4036 0.4284 -0.4583 0.4674 -0.4661 0.5052 -0.5443 0.5651 -0.6055 1.0000
