0.0000 0.5179 0.6048 0.6566 0.6647 0.6462 0.6774 0.6618 0.7008 0.7122 0.7712
0.5179 0.0000 0.3721 0.4688 0.5153 0.5202 0.5150 0.5098 0.5508 0.6019 0.6699
0.6048 0.3721 0.0000 0.3936 0.4544 0.4964 0.4925 0.4730 0.5231 0.5508 0.6299
0.6566 0.4688 0.3936 0.0000 0.3968 0.4720 0.4577 0.4655 0.5111 0.5420 0.6133
0.6647 0.5153 0.4544 0.3968 0.0000 0.3395 0.3844 0.3968 0.4561 0.5169 0.5908
0.6462 0.5202 0.4964 0.4720 0.3395 0.0000 0.3223 0.3802 0.4583 0.5016 0.5970
0.6774 0.5150 0.4925 0.4577 0.3844 0.3223 0.0000 0.3203 0.3939 0.4548 0.5814
0.6618 0.5098 0.4730 0.4655 0.3968 0.3802 0.3203 0.0000 0.3600 0.4079 0.5560
0.7008 0.5508 0.5231 0.5111 0.4561 0.4583 0.3939 0.3600 0.0000 0.3792 0.5560
0.7122 0.6019 0.5508 0.5420 0.5169 0.5016 0.4548 0.4079 0.3792 0.0000 0.5179
0.7712 0.6699 0.6299 0.6133 0.5908 0.5970 0.5814 0.5560 0.5560 0.5179 0.0000
