1.0000 -0.6263 0.5456 -0.4948 0.4727 -0.4453 0.4284 -0.4023 0.3854 -0.3789 0.3073
-0.6263 1.0000 -0.7188 0.6341 -0.6172 0.5794 -0.5703 0.5208 -0.4831 0.4740 -0.3659
0.5456 -0.7188 1.0000 -0.7643 0.6953 -0.6628 0.6302 -0.5755 0.5378 -0.5104 0.3997
-0.4948 0.6341 -0.7643 1.0000 -0.7669 0.7109 -0.6706 0.6107 -0.5885 0.5404 -0.4193
0.4727 -0.6172 0.6953 -0.7669 1.0000 -0.7930 0.7292 -0.6667 0.6159 -0.5703 0.4466
-0.4453 0.5794 -0.6628 0.7109 -0.7930 1.0000 -0.7826 0.7148 -0.6432 0.6081 -0.4818
0.4284 -0.5703 0.6302 -0.6706 0.7292 -0.7826 1.0000 -0.7682 0.6784 -0.6328 0.4805
-0.4023 0.5208 -0.5755 0.6107 -0.6667 0.7148 -0.7682 1.0000 -0.7487 0.6484 -0.5091
0.3854 -0.4831 0.5378 -0.5885 0.6159 -0.6432 0.6784 -0.7487 1.0000 -0.7148 0.5339
-0.3789 0.4740 -0.5104 0.5404 -0.5703 0.6081 -0.6328 0.6484 -0.7148 1.0000 -0.6445
0.3073 -0.3659 0.3997 -0.4193 0.4466 -0.4818 0.4805 -0.5091 0.5339 -0.6445 1.0000
