1.0000 0.0326 0.0286 -0.0182 0.0586 0.0417 0.0000 0.0143 0.0378 -0.0156 -0.0430
0.0326 1.0000 0.0195 -0.0273 0.0286 -0.0065 0.0065 -0.0260 0.0156 -0.0065 0.0052
0.0286 0.0195 1.0000 -0.0130 0.0326 0.0156 -0.0052 -0.0404 0.0273 0.0391 0.0378
-0.0182 -0.0273 -0.0130 1.0000 0.0299 -0.0182 -0.0443 0.0143 -0.0534 -0.0260 -0.0430
0.0586 0.0286 0.0326 0.0299 1.0000 0.0143 -0.0195 -0.0078 0.0078 -0.0404 0.0130
0.0417 -0.0065 0.0156 -0.0182 0.0143 1.0000 -0.0052 -0.0508 0.0117 0.0339 0.0247
0.0000 0.0065 -0.0052 -0.0443 -0.0195 -0.0052 1.0000 -0.0013 0.0065 0.0000 0.0143
0.0143 -0.0260 -0.0404 0.0143 -0.0078 -0.0508 -0.0013 1.0000 -0.0052 -0.0299 0.0052
0.0378 0.0156 0.0273 -0.0534 0.0078 0.0117 0.0065 -0.0052 1.0000 -0.0560 -0.0208
-0.0156 -0.0065 0.0391 -0.0260 -0.0404 0.0339 0.0000 -0.0299 -0.0560 1.0000 -0.0065
-0.0430 0.0052 0.0378 -0.0430 0.0130 0.0247 0.0143 0.0052 -0.0208 -0.0065 1.0000
